000000000000000000000000000000000000
022111111111311111113111111111111110
021111111111111111111111111111111110
011111111111111111111111111111111110
011111111111111111111111111111111110
011111111111111111111111111111111110
011111111111111111111111111111111110
011111111111111111111111111111111110
011111111111111111111111111111111110
011111111111111111111111111111111110
011111111111111111111111111111111110
011111111111111111111111111111111110
011111111111111111111111111111111110
011111111111111111111111111111111110
011111111111111111111111111111111110
011111111111111111111111111111111110
021111111111111111111111111111111110
022111111111111111111111111111111110
000000000000000000000000000411111140
000000000000000000000000000111111110
000000000000000000000000000111111110
000000000000000000000000000111111110
000000000000000000000000000111111110
000000000000000000000000000111111110
000000000000000000000000000111111110
000000000000000000000000000111111110
000000000000000000000000000111111110
000000000000000000000000000111111110
000000000000000000000000000111111110
000000000000000000000000000111111110
000000000000000000000000000111111110
000000000000000000000000000111111110
000000000000000000000000000111111110
000000000000000000000000000111111110
000000000000000000000000000222222220
000000000000000000000000000000000000
